     5 5 0 5
     5 0 3 4
     3 4 0 3
M =  0 0 5 3
     5 4 4 5
     5 4 5 5

     0.447219 -0.537287 -0.00643789 0.503693
     0.358615 0.246051   0.862231   0.145848
     0.292463 -0.403296 -0.22754    0.103761
U =  0.207792 0.670044  -0.395062   0.588781
     0.509933 0.0596952 -0.109681   -0.286874
     0.531645 0.18871   -0.191411   -0.53413


     17.7139    0       0       0
        0    6.39167    0       0
E =     0       0    3.09796    0
        0       0       0    1.32898


     0.570989 -0.222797   0.674924 -0.410866
     0.427475 -0.517236  -0.692945 -0.263742
V =  0.384599  0.82462   -0.253197 -0.328597
     0.585935  0.0531997  0.014032  0.8084888
     
[0.570989, -0.222797]
[0.427475, -0.517236]
[0.384599,  0.82462 ]
[0.585935,  0.0531997] 

[0.447219, null, -0.537287],
[0.358615, null, 0.246051],
[0.292463, null, -0.403296],
[0.207792, null, 0.670044],
[0.509933, null, 0.0596952],
[0.531645, null, 0.18871]
     
